43 113 284 549 511 720 963 500 465 19 504 510 180 923 727 521 134 157 782 634 
102 26 769 951 302 721 624 774 890 690 964 77 311 116 835 275 620 557 418 
514 680 350 543 870 252 494 529 86 410 322 238 751 370 420 455 84 765 962 
649 819 660 796 938 66 96 399 587 359 762 81 736 552 465 602 71 666 432 
741 111 251 126 194 362 352 160 595 106 705 133 368 732 350 653 601 589 469 
619 106 77 868 855 370 270 213 529 138 719 797 401 989 186 372 835 332 994 
319 670 967 352 221 533 459 472 737 855 365 578 511 944 522 909 756 691 436 
646 35 111 92 283 745 776 330 344 761 319 341 498 711 625 688 63 407 39 
718 620 4 875 194 940 588 813 447 733 4 298 393 764 916 878 309 761 286 
548 344 119 673 555 374 865 29 767 930 488 951 699 651 247 663 503 884 289 
374 737 825 471 12 567 854 67 786 75 535 648 437 757 68 313 541 921 881 
69 735 596 415 636 257 807 103 154 791 515 16 256 181 331 615 797 243 112 
595 39 533 924 855 470 665 427 215 563 462 664 616 665 15 371 198 912 489 
424 820 541 357 727 303 191 574 898 923 862 113 391 459 974 173 274 381 579 
340 745 643 168 931 607 878 644 799 344 700 998 871 161 264 921 806 304 180 
108 225 273 373 274 131 76 514 978 274 501 188 190 437 491 79 155 827 114 
22 536 25 259 988 989 233 196 673 284 885 312 654 879 30 903 735 320 294 
669 459 231 627 654 508 673 492 720 82 604 649 301 204 761 159 94 309 775 
811 551 380 514 720 526 395 684 462 187 801 453 727 371 286 492 174 859 164 
90 808 689 269 217 0 497 383 231 956 52 873 677 291 617 371 52 151 484 
84 703 187 63 511 12 573 199 181 863 174 965 260 989 905 45 781 141 324 
958 574 206 483 807 884 329 114 927 102 811 306 795 1 68 924 844 329 200 
137 357 684 795 631 447 118 442 225 248 5 39 891 826 346 393 382 996 820 
813 14 182 561 343 431 692 881 52 551 305 868 315 276 850 98 346 964 550 
471 336 90 255 540 409 29 344 575 299 385 961 971 41 827 524 582 254 972 
841 996 523 470 22 767 226 42 357 142 692 932 693 895 909 900 454 423 159 
615 315 445 835 86 745 215 392 528 61 407 866 900 393 510 632 216 956 817 
100 572 344 863 883 806 117 502 547 593 836 592 426 807 817 698 169 953 332 
54 591 536 643 502 136 294 291 69 768 315 290 336 379 232 436 790 856 790 
785 878 818 345 435 610 645 28 163 136 827 594 142 896 849 262 881 620 817 
166 827 644 749 399 518 797 11 4 35 341 688 696 531 270 765 526 2 633 
877 207 112 369 43 279 774 586 239 900 430 112 877 544 446 631 267 561 781 
702 921 135 185 482 110 866 456 25 447 904 941 630 374 256 334 822 369 702 
998 189 338 483 505 493 161 799 802 191 589 970 455 708 746 20 695 635 264 
348 585 279 724 97 484 855 402 814 117 981 520 997 1 19 105 176 661 255 
307 225 66 847 501 728 985 4 807 350 501 833 711 312 759 895 304 280 125 
562 315 225 335 893 480 10 877 929 18 826 815 929 913 866 477 330 502 982 
973 936 340 503 290 126 689 728 789 653 28 140 303 978 872 779 656 922 856 
807 372 836 454 759 521 401 949 598 152 668 256 286 518 885 971 180 365 242 
626 291 853 684 411 73 326 523 812 194 4 748 476 452 875 504 327 825 494 
474 424 458 138 539 281 205 799 390 445 304 764 494 893 585 147 164 433 649 
558 279 672 353 272 614 245 11 665 580 972 704 385 679 298 219 723 859 901 
186 913 527 603 157 629 933 817 516 783 249 580 305 846 709 862 288 284 832 
248 828 401 875 272 444 805 344 653 224 985 630 442 655 965 531 611 773 822 
759 940 978 940 266 130 308 203 626 982 415 7 534 100 39 865 891 52 265 
599 904 102 463 602 33 673 391 397 678 434 580 794 978 523 780 261 148 698 
953 737 417 397 23 12 667 550 337 958 613 703 607 372 464 458 902 908 774 
508 126 586 405 568 290 706 306 312 813 505 127 23 21 832 506 56 5 184 
252 333 988 940 532 74 423 263 615 646 62 194 681 951 410 671 688 14 43 
791 330 539 482 446 666 9 482 578 81 567 845 691 880 275 103 926 931 598 
732 967 493 871 848 271 541 290 720 646 670 508 796 980 916 187 370 20 656 
15 447 454 59 510 854 187 463 639 147 627 419 683 415 11 99 30 631 269 
204 546 822 694 534 995 966 764 860 496 166 729 846 393 376 258 305 19 655 
280 237 737 711 343 712 342 262 281 856 380 571 695 922 167 380 776 631 363 
323 314 803 722 837 283 539 283 527 283 107 596 918 241 12 774 529 209 661 
77 271 793 428 451 204 740 945 976 817 464 857 412 128 849 381 146 47 509 
523 647 666 756 889 182 345 969 674 956 738 684 541 12 194 717 779 214 262 
835 367 367 422 33 273 90 527 257 639 334 837 492 267 565 17 511 187 484 
906 198 933 839 405 299 579 280 339 654 489 489 760 451 218 750 718 795 989 
964 195 957 682 643 543 979 354 769 466 925 864 542 325 965 327 933 282 645 
738 653 612 160 315 619 322 164 813 249 64 687 285 951 221 25 588 981 967 
28 170 438 19 94 582 550 814 314 472 558 833 621 748 430 820 520 11 379 
760 951 341 647 520 106 989 295 257 556 561 819 807 905 847 235 501 270 522 
929 59 268 564 938 493 923 388 564 217 769 380 143 902 754 716 584 957 998 
100 794 902 283 338 444 322 237 445 600 513 533 352 648 454 32 127 564 190 
790 22 56 300 972 601 301 673 280 666 1 416 195 669 277 352 448 852 471 
259 408 396 287 638 730 449 796 590 459 18 786 107 995 374 577 859 747 781 
918 425 58 83 838 719 0 920 333 285 919 131 605 27 210 190 154 889 651 
365 399 987 762 672 676 703 93 567 362 276 36 776 656 512 747 612 979 329 
25 629 288 5 556 462 642 117 743 312 205 419 461 552 499 79 474 613 120 
976 906 403 337 70 133 249 935 122 688 502 450 463 278 748 431 833 832 794 
734 774 563 433 882 474 381 328 468 452 663 193 181 982 273 894 506 695 957 
988 350 359 714 695 863 447 501 285 496 751 701 397 896 926 83 850 598 594 
617 97 582 328 391 602 694 599 41 44 586 591 576 468 334 564 200 175 115 
332 754 424 383 290 713 770 765 347 221 167 534 70 543 819 844 300 426 115 
120 546 308 886 885 478 984 663 74 903 375 559 332 750 256 905 140 673 386 
797 608 91 300 244 676 647 129 732 53 317 207 593 650 651 914 756 443 907 
120 111 677 191 873 945 66 27 467 650 190 209 822 152 581 155 198 376 106 
478 624 318 127 923 53 237 559 363 191 833 411 56 149 226 584 969 540 7 
743 542 429 636 809 931 575 963 238 410 746 738 540 330 487 525 671 736 624 
584 805 520 946 918 686 778 981 865 236 841 491 335 355 339 351 24 851 488 
771 711 292 766 378 70 120 35 564 238 803 188 636 763 883 371 714 463 795 
899 51 136 987 46 413 36 411 985 447 536 728 291 475 394 618 601 31 617 
456 196 523 993 222 510 824 991 928 833 246 862 30 767 335 467 270 290 124 
572 131 681 21 75 635 897 308 929 518 433 295 316 909 142 533 955 530 965 
146 330 67 17 250 972 830 48 635 915 15 823 376 861 893 626 806 607 32 
659 318 814 227 838 810 236 140 129 192 132 804 336 256 681 21 989 391 905 
414 775 93 734 309 772 911 619 927 620 551 285 366 612 95 30 671 631 918 
267 894 796 713 845 416 659 206 43 961 787 529 54 668 645 974 182 313 716 
768 954 265 932 854 825 54 614 141 203 478 279 560 55 40 872 350 450 105 
211 414 4 604 690 214 378 276 570 685 593 431 518 837 212 936 405 256 130 
705 743 490 9 235 584 428 196 867 124 82 306 301 744 875 503 573 733 426 
935 106 468 50 682 717 403 668 70 409 819 570 170 603 933 570 831 997 598 
362 668 615 565 540 996 690 968 621 822 992 474 574 660 840 320 840 113 548 
286 520 885 295 502 474 106 430 869 329 667 47 799 2 525 273 907 192 796 
41 290 433 842 347 9 735 403 863 458 538 315 535 353 675 281 289 186 346 
662 246 128 597 288 904 515 685 832 615 268 770 395 274 799 805 542 580 242 
149 207 393 122 370 538 687 889 987 3 367 122 348 760 716 568 707 642 580 
595 595 857 491 121 952 864 784 499 156 751 448 400 958 840 864 251 580 174 
829 357 691 5 235 441 768 386 589 974 364 514 93 332 162 505 367 502 293 
876 10 795 288 147 121 796 208 582 566 535 948 315 266 729 457 797 20 757 
603 724 421 946 760 435 222 636 716 9 115 461 407 178 257 231 102 512 39 
853 81 251 521 712 574 571 697 62 699 39 222 38 399 527 558 43 945 834 
517 458 378 870 53 769 395 305 768 472 560 227 10 363 398 491 622 112 892 
128 381 330 125 388 907 705 334 744 361 172 443 448 559 462 216 41 235 873 
525 557 43 540 891 29 565 9 356 299 13 462 953 67 552 499 549 590 155 
4 558 400 682 233 124 983 465 945 643 370 991 94 167 213 414 302 63 9 
561 130 523 810 726 928 943 926 85 863 940 826 753 606 780 714 595 6 316 
12 654 17 65 287 717 89 970 5 864 202 484 862 33 736 83 331 566 414 
964 510 407 616 734 306 146 474 103 482 371 299 179 143 847 16 782 740 916 
549 293 834 96 248 974 391 295 777 325 618 239 113 50 959 668 684 385 114 
631 971 111 702 706 333 321 417 332 187 135 388 487 156 889 740 861 248 968 
254 295 657 392 415 740 301 450 59 152 807 175 306 801 220 209 445 200 387 
664 972 471 599 909 36 266 786 831 127 521 293 984 971 216 3 267 229 987 
386 147 806 942 862 265 248 244 714 206 987 82 691 566 946 458 324 980 324 
812 965 693 226 878 495 334 167 328 681 23 368 703 208 634 219 838 448 2 
215 492 180 155 181 190 563 186 635 329 855 214 666 455 571 988 818 238 970 
81 79 92 63 311 220 552 582 939 406 519 710 479 237 210 684 437 86 196 
805 105 904 219 783 619 440 578 788 836 203 740 76 259 307 513 540 107 787 
518 103 897 872 958 424 333 190 648 995 100 841 87 343 192 837 875 714 740 
423 162 312 908 420 920 895 328 810 741 294 703 466 547 185 679 90 90 318 
808 144 337 194 445 790 889 118 721 651 407 449 314 483 574 802 597 718 537 
973 891 162 922 311 950 82 421 368 561 308 726 660 57 956 31 534 865 861 
647 228 744 850 307 401 165 516 607 590 453 274 643 299 649 50 306 650 752 
169 900 859 953 615 714 82 696 114 909 554 928 190 651 321 703 632 698 271 
355 634 773 628 862 161 904 547 623 28 593 958 810 505 102 334 670 255 361 
658 614 834 18 432 718 996 914 233 305 549 849 970 585 602 837 695 979 573 
170 557 606 514 541 234 612 891 136 981 458 189 92 236 25 403 968 603 419 
710 900 885 634 411 933 793 841 531 613 854 905 290 300 70 881 44 816 852 
680 184 989 805 769 911 368 19 778 775 882 614 152 348 501 418 521 443 32 
837 295 813 1 151 120 399 230 719 181 772 92 824 62 582 656 169 785 508 
851 387 906 412 589 237 65 140 266 591 164 696 401 682 457 310 279 573 167 
265 295 257 902 221 411 313 73 153 527 596 690 977 818 982 437 387 75 830 
665 403 875 419 995 701 974 307 570 792 638 251 573 749 800 46 562 283 775 
408 290 617 19 816 199 786 826 38 450 718 170 945 411 667 872 64 799 378 
121 265 260 629 980 912 42 680 844 793 516 473 10 133 796 381 460 61 329 
687 628 954 376 971 507 190 545 55 635 981 78 190 662 107 442 725 953 587 
874 571 387 535 917 426 860 718 671 820 223 619 423 783 339 128 558 102 706 
337 183 903 613 303 676 556 120 54 459 706 239 562 654 594 574 871 926 651 
342 112 738 808 111 625 429 837 847 36 55 550 829 686 650 643 794 487 643 
501 234 920 490 365 100 583 179 792 308 454 179 530 351 754 551 501 989 114 
417 839 483 559 696 586 72 673 65 921 440 208 351 571 717 283 193 342 163 
310 640 559 65 718 492 570 508 586 646 371 668 315 360 819 932 561 391 901 
713 732 185 980 60 493 869 984 261 912 612 71 465 23 51 350 972 872 829 
906 267 321 26 485 38 202 157 908 401 725 680 459 308 402 484 281 640 120 
573 40 803 435 318 960 736 572 931 657 125 128 509 45 266 961 911 40 456 
290 904 653 32 622 544 585 135 690 492 383 118 255 22 776 25 266 815 837 
945 586 235 226 161 192 673 878 926 559 725 143 375 684 422 582 568 49 456 
312 894 683 386 67 116 345 69 879 122 775 184 632 89 922 534 526 80 994 
991 919 311 243 345 846 230 376 30 15 269 603 691 978 653 405 822 709 911 
261 236 836 803 713 988 321 231 373 444 474 313 678 627 815 223 474 590 424 
570 792 570 129 73 510 880 67 39 927 24 913 670 687 327 345 555 882 416 
110 791 622 311 396 48 837 451 93 559 570 966 913 445 593 681 271 18 709 
813 305 692 732 122 379 921 764 296 972 148 61 688 878 87 444 137 254 799 
993 497 162 912 467 659 886 37 719 324 522 900 176 501 7 955 319 737 37 
285 981 372 58 396 177 699 860 123 159 763 114 226 339 680 563 424 741 776 
490 545 690 554 507 191 503 474 669 823 70 816 416 451 314 417 876 167 729 
922 591 632 342 301 863 208 722 757 471 889 870 844 727 319 150 547 467 206 
733 342 813 141 355 726 274 404 623 552 37 639 459 555 91 364 770 810 182 
166 877 535 445 102 752 545 983 242 671 876 561 515 431 600 82 45 894 582 
472 903 287 24 152 809 277 924 304 624 632 233 763 628 911 337 431 469 472 
715 815 366 795 30 439 609 19 681 587 665 370 842 102 211 100 319 731 255 
433 128 788 68 977 571 783 59 46 712 10 852 320 588 982 795 334 194 52 
816 354 265 497 65 285 139 861 66 414 537 350 140 938 941 651 738 424 321 
618 925 594 398 902 675 55 283 725 819 919 269 714 463 556 832 890 445 73 
367 679 916 525 6 50 475 241 962 740 352 115 149 817 18 200 533 714 276 
422 552 300 295 795 149 416 297 85 470 841 582 459 22 591 390 320 152 997 
626 147 12 85 847 913 825 319 26 323 117 944 510 921 774 761 287 873 246 
392 142 76 927 772 530 73 788 868 32 164 614 392 72 996 784 576 168 867 
406 926 355 976 725 229 601 820 195 994 943 23 262 930 823 912 922 42 565 
304 371 391 272 47 617 626 416 77 746 915 306 904 659 20 200 704 466 849 
244 426 420 995 634 626 214 438 321 58 695 799 381 415 588 276 659 970 587 
684 641 310 286 793 592 793 751 533 866 829 200 475 961 598 163 406 334 369 
711 753 199 136 819 65 537 904 704 750 334 590 20 808 620 163 111 334 232 
344 171 168 339 925 995 173 696 513 233 295 256 295 474 709 257 256 247 89 
152 109 19 278 763 112 599 401 879 828 903 786 102 863 918 867 109 562 841 
651 677 686 779 189 735 100 116 948 455 597 628 938 854 76 705 939 708 428 
566 186 596 641 209 451 784 856 925 532 240 286 612 765 511 236 787 356 363 
680 160 983 71 233 854 343 973 662 890 52 459 509 333 609 869 758 598 883 
859 984 746 995 690 858 277 265 540 400 818 338 370 930 318 517 122 211 870 
790 988 900 0 51 312 51 360 502 222 74 57 320 446 267 481 237 885 735 
364 801 443 300 3 733 261 791 16 996 27 887 730 872 227 608 342 612 294 
360 262 987 362 401 642 375 990 538 963 858 538 809 669 168 89 964 289 225 
698 548 163 433 519 496 898 876 808 249 942 27 139 498 186 632 188 886 374 
974 306 144 180 795 722 393 221 813 638 587 928 870 635 378 181 466 816 989 
811 633 837 41 634 832 522 673 427 863 53 685 393 545 866 906 965 296 191 
452 490 583 896 51 222 625 698 151 277 672 29 106 679 611 859 319 392 686 
529 883 294 616 269 890 356 456 341 319 921 135 949 92 853 723 914 688 516 
133 824 470 969 132 836 709 541 258 544 145 922 487 391 802 227 246 868 695 
83 703 389 6 601 84 76 294 304 135 845 304 441 753 144 978 856 242 386 
360 575 601 646 165 496 761 458 928 172 686 610 823 460 849 696 424 943 634 
792 900 416 871 42 436 408 842 111 898 649 778 473 150 648 86 188 725 41 
276 425 970 192 853 241 201 590 214 266 818 947 961 788 849 551 888 414 876 
350 290 893 837 441 212 948 778 127 676 916 226 472 928 814 494 337 304 5 
877 187 308 962 423 608 150 789 658 327 48 26 434 716 299 998 829 230 271 
383 879 928 193 990 740 285 858 699 809 766 144 399 197 229 529 296 920 96 
661 377 164 325 369 955 956 715 417 163 638 699 752 988 605 831 916 935 863 
389 836 682 114 109 185 182 226 859 91 465 140 183 52 67 504 52 526 388 
590 805 821 487 301 236 586 774 455 26 424 833 832 192 882 125 885 91 352 
639 424 528 221 648 17 932 946 622 355 157 604 979 303 441 847 814 927 210 
152 969 350 925 689 772 883 944 142 623 521 395 338 82 563 403 590 540 793 
617 252 629 414 884 93 446 646 68 774 367 747 494 841 683 967 216 425 543 
861 319 16 734 232 786 514 614 905 9 10 145 473 915 634 317 136 795 147 
431 775 359 854 631 411 242 866 824 313 167 677 583 78 253 535 956 182 473 
87 137 625 133 364 815 526 327 234 631 723 724 79 595 711 715 598 489 534 
910 328 263 558 184 673 173 429 30 983 954 881 730 503 610 479 971 799 541 
842 864 636 551 351 989 114 977 862 3 306 603 495 534 532 245 113 616 911 
886 749 621 777 38 827 767 109 558 732 529 166 493 936 975 90 665 663 861 
391 591 788 550 846 50 487 253 544 60 960 808 509 279 421 271 588 892 396 
841 58 830 326 271 703 809 399 732 980 990 502 266 211 283 217 390 694 205 
810 81 12 954 228 413 798 846 242 333 725 548 984 633 464 611 310 20 980 
634 608 254 545 41 894 757 542 830 312 752 209 875 426 936 221 297 26 941 
168 207 528 357 752 618 399 858 816 675 504 105 81 414 672 393 848 155 286 
717 766 296 187 807 168 681 747 910 416 994 520 568 158 558 478 427 370 766 
504 140 626 900 428 764 48 431 645 663 995 64 31 826 684 630 675 659 549 
696 694 796 359 154 260 189 808 368 782 748 540 442 106 124 344 22 475 789 
565 600 972 421 605 709 122 773 762 525 343 588 561 324 985 863 141 3 764 
730 248 323 483 482 861 855 99 849 512 648 328 429 902 499 199 296 531 321 
179 215 638 513 760 545 931 436 690 878 254 49 345 696 546 525 87 835 196 
201 856 364 170 511 641 539 97 670 925 872 830 733 683 992 867 324 13 895 
428 755 25 382 895 498 188 980 801 935 922 395 544 141 869 596 516 980 955 
977 398 150 5 617 978 959 463 586 927 484 473 407 654 488 400 213 535 918 
682 921 487 72 749 718 172 532 643 470 812 821 874 257 953 267 5 64 347 
10 429 836 465 170 813 501 71 209 719 282 731 157 997 605 51 958 626 164 
987 398 835 273 540 201 488 443 743 677 906 242 919 967 559 897 804 314 272 
740 285 996 925 599 189 502 913 425 753 314 10 988 161 162 648 279 812 954 
45 305 778 655 60 358 259 303 135 453 688 950 177 571 575 811 802 542 80 
100 904 882 767 8 127 670 12 124 470 608 24 80 873 714 530 635 391 725 
732 456 226 182 286 822 702 323 682 138 19 387 598 619 458 646 519 751 575 
509 125 184 767 355 766 515 557 293 620 0 851 944 975 644 426 461 446 234 
891 444 835 863 427 79 781 168 666 857 286 39 189 455 730 825 227 949 978 
130 354 316 764 122 122 333 617 943 837 335 187 154 921 999 35 409 612 258 
566 455 44 684 39 356 148 198 329 338 148 774 356 995 876 857 955 652 575 
613 245 604 306 724 460 564 621 410 590 120 688 532 110 208 614 129 540 615 
338 506 569 298 78 40 13 887 4 191 903 60 468 832 629 629 909 889 142 
66 236 454 892 895 348 4 350 837 235 83 682 858 959 809 372 296 715 898 
381 50 64 440 723 425 404 550 188 585 689 140 292 731 445 498 454 73 160 
44 816 351 180 631 90 200 391 38 307 910 38 810 373 199 253 478 877 477 
33 266 711 683 637 799 647 205 630 1 190 563 114 313 696 520 967 609 960 
25 299 711 219 939 706 164 787 784 306 74 357 881 9 103 326 94 931 415 
377 58 387 251 947 232 424 40 148 294 434 409 157 435 994 270 102 877 697 
147 965 497 425 297 128 787 191 736 722 522 422 221 84 390 298 362 288 537 
570 545 864 465 74 34 560 942 47 669 228 642 200 859 699 29 446 161 815 
608 98 574 615 27 363 849 54 679 945 512 525 406 602 13 887 583 610 405 
654 420 145 210 522 552 757 684 390 83 267 528 640 72 614 188 471 92 404 
293 756 891 175 443 999 379 681 518 666 122 825 915 377 294 205 629 186 553 
651 905 454 628 515 255 613 503 941 996 474 950 819 118 596 824 622 201 614 
983 885 301 379 892 642 237 214 994 731 435 580 698 555 577 979 410 476 594 
967 365 805 188 746 150 995 922 915 716 467 125 618 374 250 288 490 710 451 
377 542 646 428 496 340 873 416 639 631 713 263 843 851 53 907 914 817 381 
168 51 243 96 461 99 638 213 70 871 566 307 691 982 225 20 59 875 763 
776 601 288 815 363 238 241 265 929 629 706 346 543 406 558 797 886 185 37 
957 807 446 928 338 499 678 894 457 727 556 917 425 143 289 594 79 990 690 
124 250 615 989 166 87 70 846 415 234 755 572 630 52 489 83 99 15 602 
682 957 859 663 383 588 62 224 107 368 773 538 753 319 327 536 844 895 114 
495 181 977 650 719 673 341 372 249 338 311 851 92 258 70 823 707 143 61 
696 516 31 281 955 19 580 795 182 701 343 669 285 280 390 693 834 999 668 
641 374 626 517 552 953 526 827 497 105 670 440 549 8 735 517 233 547 526 
768 563 610 754 633 876 966 881 729 67 766 114 141 511 800 833 424 893 347 
704 500 420 673 484 989 400 964 48 902 970 748 492 29 827 698 255 813 192 
999 71 963 870 370 244 590 181 215 147 160 767 293 84 163 742 799 656 978 
425 695 545 38 951 683 195 111 378 268 225 134 516 922 512 854 603 515 826 
197 120 784 539 166 490 845 446 802 150 404 959 674 493 619 972 191 470 317 
521 976 250 562 935 462 145 440 577 891 208 261 408 844 285 309 560 527 36 
670 811 82 414 654 381 289 360 820 706 176 20 608 969 217 615 184 945 972 
211 141 418 284 32 370 753 377 612 509 473 516 62 103 603 180 943 804 320 
85 763 670 984 751 913 917 912 737 933 283 397 110 355 470 291 191 34 48 
188 128 757 550 639 393 184 470 63 860 597 294 33 740 753 709 376 260 149 
664 107 665 354 998 549 790 666 947 124 208 252 947 213 676 92 830 150 452 
496 645 918 804 734 91 327 952 283 769 520 523 533 234 452 534 364 143 573 
857 851 635 343 103 514 423 345 867 946 13 711 320 351 864 292 190 523 284 
510 304 43 350 93 979 42 136 992 703 687 144 588 781 677 864 937 801 397 
29 228 80 101 306 775 506 382 791 874 523 496 934 585 373 552 247 41 75 
446 411 185 28 434 232 954 620 642 195 785 621 442 269 982 742 532 997 928 
194 777 833 329 712 352 162 699 91 488 424 59 910 175 287 405 787 499 876 
813 217 912 645 223 759 614 599 806 97 402 230 523 296 801 696 970 400 17 
496 834 353 281 142 314 127 436 87 700 850 214 476 873 661 500 154 869 27 
15 679 830 221 305 47 558 749 575 206 666 546 948 467 759 880 946 336 424 
53 582 386 807 104 246 300 455 984 694 305 691 831 845 873 219 288 757 659 
820 60 98 370 9 246 687 453 223 329 172 235 688 89 732 421 405 128 744 
671 780 121 741 295 331 417 616 999 524 91 945 990 260 107 522 689 734 822 
668 774 403 650 657 246 562 356 634 743 626 110 741 407 508 110 778 152 673 
346 612 331 285 800 713 448 629 183 673 720 376 144 273 36 597 702 698 74 
384 584 790 128 813 25 803 511 531 549 8 208 668 238 599 850 886 989 808 
965 364 301 831 893 190 212 138 726 175 109 25 101 356 254 818 734 530 56 
930 106 9 297 137 817 403 749 792 746 654 894 377 277 722 732 752 573 316 
985 705 56 773 372 889 12 768 987 76 508 821 267 701 624 664 433 48 325 
424 814 63 166 210 934 702 455 160 811 941 372 193 460 35 60 738 229 398 
667 478 192 523 840 716 524 678 249 318 454 739 288 304 127 404 218 80 478 
202 688 972 982 178 713 223 0 856 936 826 266 107 234 637 951 845 477 993 
672 53 599 683 734 498 944 469 881 640 220 538 858 671 317 172 95 292 646 
688 915 872 644 149 776 850 558 670 164 817 672 185 954 549 669 401 225 334 
935 265 748 389 203 713 640 770 113 626 955 185 908 914 289 320 745 369 870 
831 792 499 940 925 600 840 687 565 18 336 414 661 270 281 117 274 659 941 
136 775 813 440 118 107 239 686 61 773 503 144 839 959 269 26 238 231 6 
28 179 584 208 111 524 227 550 921 582 387 546 370 176 567 902 590 944 182 
944 914 352 198 225 829 761 438 631 854 761 495 120 101 911 812 490 901 971 
294 436 224 673 999 534 808 119 873 643 807 886 177 708 546 47 260 856 417 
365 596 205 273 93 539 811 704 953 87 746 469 64 68 371 938 843 524 511 
827 124 767 362 710 48 534 657 735 622 878 826 738 138 983 626 477 96 868 
994 27 637 21 677 463 964 382 545 836 705 726 330 117 663 403 976 192 975 
638 673 255 223 30 142 904 687 698 716 51 545 538 285 322 483 403 238 946 
886 626 118 293 513 189 812 88 292 17 781 51 704 345 959 162 995 812 736 
6 350 983 609 695 28 273 915 657 371 850 331 197 553 926 690 104 902 20 
999 723 663 163 479 877 63 755 849 712 665 740 55 60 56 54 126 198 81 
833 881 924 963 701 741 742 898 576 20 554 873 818 648 678 794 212 463 183 
216 236 876 527 363 305 911 205 434 194 403 673 580 635 354 103 376 172 323 
650 22 718 996 746 25 883 990 637 583 92 350 788 462 701 79 6 710 783 
573 146 175 84 764 26 389 616 340 765 103 754 445 70 395 275 852 163 41 
675 728 916 577 282 760 456 284 128 575 996 142 288 110 852 640 395 850 692 
241 356 584 834 191 858 673 22 314 128 642 497 428 533 283 309 986 54 351 
773 647 340 363 700 490 77 989 503 725 622 994 606 891 444 727 593 658 720 
708 436 602 548 958 716 496 631 306 199 953 968 100 287 543 24 396 848 807 
107 920 687 966 170 847 434 498 97 714 948 171 550 581 444 565 879 899 385 
597 191 416 905 67 614 835 886 792 9 889 109 454 839 946 842 902 695 252 
48 273 27 453 932 964 927 84 918 197 466 292 243 611 947 213 286 132 607 
20 438 86 789 885 757 420 296 793 957 686 687 373 257 368 560 720 465 16 
452 462 264 630 836 159 15 680 855 519 594 184 826 781 668 294 297 68 586 
909 369 463 517 944 308 69 781 17 4 316 363 467 647 352 454 843 130 441 
493 190 55 887 575 754 912 197 297 1 931 824 73 163 368 75 697 886 480 
521 483 929 268 475 598 299 105 972 325 615 781 963 849 13 85 345 823 388 
8 824 425 312 827 559 797 547 832 968 811 664 221 108 839 930 727 523 805 
252 886 556 115 725 447 660 212 989 340 402 384 415 753 481 162 898 384 259 
101 870 586 37 8 989 232 532 675 852 346 783 40 2 171 45 250 413 194 
39 487 660 785 299 605 957 527 284 515 293 37 306 9 975 40 334 216 982 
733 195 136 679 41 731 794 579 157 26 390 76 920 904 426 257 919 505 239 
204 940 923 519 444 286 538 388 556 752 907 342 292 553 823 919 932 303 406 
245 44 212 919 717 229 41 325 951 935 982 474 795 924 579 201 624 505 964 
566 366 249 229 902 714 453 462 347 750 319 63 68 771 410 268 416 471 707 
419 857 722 260 424 641 146 232 0 809 326 891 765 337 997 950 984 900 782 
495 763 21 108 618 813 101 707 814 475 170 746 117 547 10 962 942 610 677 
373 608 970 365 52 568 19 943 174 404 844 518 60 803 126 805 206 825 970 
173 355 942 98 733 526 545 972 966 527 819 786 988 878 163 963 690 292 609 
716 693 794 25 501 250 324 230 675 990 218 544 497 645 241 701 669 743 978 
507 982 554 226 97 288 465 726 151 899 346 988 986 777 416 177 985 321 564 
60 456 327 69 755 626 772 223 628 140 382 366 988 157 537 467 393 833 8 
487 256 744 141 413 160 619 585 35 726 532 400 243 156 598 374 868 594 64 
704 871 269 625 748 983 956 738 444 731 710 669 103 171 928 42 736 526 798 
676 751 373 846 578 865 986 854 69 327 921 656 132 101 964 419 263 491 124 
832 287 792 424 275 819 956 873 428 341 909 153 987 119 147 217 105 525 438 
246 940 692 998 94 230 778 290 697 94 571 695 665 407 589 633 649 927 304 
391 940 22 652 806 130 301 502 175 638 653 344 233 328 198 58 836 463 456 
266 985 743 579 402 211 258 856 382 910 753 815 437 133 709 153 465 488 443 
427 21 292 546 885 901 818 737 97 137 520 440 48 68 403 157 187 117 298 
28 523 809 640 792 218 558 519 759 301 766 171 259 54 807 787 509 356 545 
516 764 745 136 787 147 274 1 635 540 268 7 529 501 966 127 343 257 621 
23 464 412 79 305 724 209 8 478 802 814 948 925 963 340 82 615 529 44 
182 625 261 436 467 967 935 804 242 653 724 41 30 432 666 485 589 111 407 
919 631 938 609 783 280 80 917 125 326 839 121 804 80 881 222 998 234 418 
409 93 452 975 602 658 548 121 76 289 25 260 869 795 419 420 134 333 381 
762 305 854 671 398 14 440 259 984 936 893 581 480 354 250 528 405 93 713 
197 896 602 881 524 890 389 53 904 786 729 792 598 16 536 934 230 60 567 
678 976 563 663 457 93 398 579 816 274 680 39 624 983 15 79 566 267 470 
368 0 788 77 201 962 763 10 57 285 236 882 139 588 678 54 131 103 185 
207 454 181 656 918 689 589 226 428 473 645 836 313 72 571 327 309 82 430 
610 114 152 437 486 577 423 455 480 340 397 981 611 664 305 22 342 824 630 
806 122 258 349 420 812 346 630 106 964 521 155 137 439 230 4 876 34 114 
32 908 894 647 968 880 226 415 67 995 490 140 966 945 573 541 579 440 630 
127 271 386 214 71 229 187 29 369 999 634 145 588 338 294 804 678 170 391 
988 418 180 668 793 352 751 865 253 205 307 9 683 105 819 911 797 188 164 
911 806 479 278 139 483 325 558 308 697 11 764 310 225 621 741 714 765 645 
669 585 929 312 158 929 670 147 441 438 22 767 143 180 256 531 550 307 562 
243 92 863 136 741 814 298 136 879 900 345 280 103 965 504 36 541 701 506 
203 296 631 758 421 415 199 972 593 839 141 887 442 463 109 220 494 364 810 
786 555 128 515 6 368 168 624 871 496 921 163 801 655 791 462 731 632 755 
986 183 669 645 302 57 674 169 381 363 924 929 31 133 959 811 46 308 247 
339 801 501 788 819 389 128 269 334 73 569 534 969 808 688 143 948 765 265 
498 720 376 626 592 421 162 35 725 548 707 222 620 132 507 752 272 174 51 
807 503 605 417 364 630 594 891 659 896 579 550 330 286 8 592 566 153 406 
170 178 640 59 867 511 211 279 534 738 759 984 115 166 639 31 250 874 681 
576 905 127 694 534 17 780 242 69 140 91 477 925 412 149 659 338 694 425 
557 183 638 801 332 39 553 790 633 800 376 556 589 564 745 792 103 553 174 
451 346 944 588 839 629 631 12 595 916 76 60 635 47 627 968 233 418 909 
300 21 214 129 141 844 532 459 547 94 657 945 235 332 552 790 44 798 96 
184 474 623 979 332 688 422 212 719 751 241 108 176 468 712 244 780 174 686 
347 209 969 518 270 673 419 657 232 237 492 185 261 890 551 463 363 458 552 
120 265 106 216 173 730 922 811 228 314 828 382 322 166 861 714 163 904 679 
14 250 876 3 382 572 137 594 365 375 285 270 526 796 893 421 783 980 670 
466 433 694 600 675 194 319 295 858 300 554 478 463 675 123 32 752 462 263 
340 825 772 805 676 472 281 197 294 990 483 942 441 344 751 497 963 319 50 
852 353 583 93 704 42 916 984 316 510 203 873 919 315 179 986 789 437 330 
441 933 470 786 651 637 8 549 711 38 306 870 148 237 652 163 572 432 184 
394 256 997 822 492 477 430 819 970 437 618 951 590 976 919 763 631 846 157 
357 13 240 733 170 315 438 712 833 512 859 919 699 51 593 801 882 784 450 
50 645 115 902 738 838 659 854 60 650 656 37 580 316 346 970 264 594 538 
861 472 748 629 495 529 506 415 190 431 951 129 116 764 599 278 862 909 966 
18 940 192 779 995 33 692 626 819 191 78 209 583 844 948 596 150 457 868 
805 221 888 496 832 576 35 919 731 263 127 617 709 905 147 270 262 751 164 
953 266 598 66 140 600 172 45 339 305 143 440 99 503 486 988 612 320 532 
339 99 808 654 700 723 459 229 831 806 213 190 210 718 19 234 94 934 902 
473 346 398 168 153 377 506 871 841 295 742 893 374 322 250 45 706 900 378 
380 748 446 558 538 201 583 707 297 393 821 712 652 114 90 462 722 506 218 
305 460 109 435 792 664 305 271 56 80 487 723 174 417 491 441 468 978 998 
757 726 211 845 800 998 897 453 585 733 888 852 946 709 270 134 402 459 573 
470 560 567 205 271 469 557 560 430 407 849 394 75 950 633 892 699 807 337 
542 89 837 810 350 966 861 245 161 859 368 322 835 311 981 74 839 178 602 
478 349 404 481 829 312 408 52 564 63 885 298 295 954 635 549 477 192 793 
99 310 521 658 739 185 636 183 334 232 260 66 874 306 630 289 991 32 710 
912 809 395 860 893 125 712 814 732 362 727 778 749 407 992 179 914 457 678 
79 209 262 441 579 674 689 983 570 426 360 521 58 144 250 467 903 760 497 
204 222 313 350 50 891 264 167 127 570 845 559 97 382 393 342 469 970 12 
724 428 913 288 249 987 611 256 372 554 618 297 189 909 44 124 760 962 113 
587 674 617 152 587 984 500 322 980 417 326 146 2 797 200 487 406 965 184 
946 201 67 85 808 586 10 493 522 487 9 789 457 827 655 993 68 524 622 
51 932 68 183 397 88 370 983 401 964 545 102 621 753 183 304 609 472 704 
507 400 120 320 923 700 258 253 48 226 65 861 629 616 447 464 33 809 19 
792 984 836 872 118 446 499 874 369 560 520 881 718 933 351 630 401 234 986 
299 847 24 792 655 459 973 607 503 799 133 65 638 277 747 418 848 867 121 
898 597 835 499 21 896 912 457 97 524 884 321 596 199 92 262 988 533 912 
247 77 580 886 769 913 591 816 331 824 150 785 993 218 189 774 906 351 540 
280 626 417 555 68 204 917 47 28 473 488 241 876 723 64 697 330 928 478 
202 272 27 409 417 283 313 866 695 950 865 247 818 254 77 374 612 413 785 
805 284 548 175 167 82 648 654 188 365 391 136 635 449 518 725 354 677 619 
621 196 969 400 188 670 791 697 497 811 821 807 347 871 836 943 718 154 287 
996 834 492 775 90 546 634 195 832 532 81 601 569 895 696 971 392 102 771 
896 132 838 105 897 78 289 11 500 701 557 154 427 237 402 539 252 573 274 
978 660 539 641 905 21 347 949 425 303 625 173 112 516 229 778 167 749 768 
126 186 579 560 777 6 84 566 897 757 943 720 987 549 152 901 447 944 680 
783 83 705 2 685 489 135 804 543 432 692 330 146 729 461 762 795 868 499 
759 638 566 34 773 6 737 982 45 258 920 275 246 743 982 58 575 751 93 
884 751 497 313 663 741 472 817 278 259 779 749 433 40 391 915 561 631 611 
54 293 4 421 217 343 568 799 866 394 295 545 659 971 509 617 547 99 581 
518 704 995 188 770 40 938 20 133 520 927 826 779 275 753 466 314 555 614 
189 159 890 450 740 538 427 799 965 19 332 55 554 332 289 668 202 964 593 
30 955 863 81 465 776 431 137 18 364 865 327 489 99 833 793 476 577 406 
382 31 556 143 652 878 319 256 300 79 381 792 258 430 188 858 725 848 957 
23 611 499 106 145 469 454 748 59 795 180 611 730 683 307 346 738 239 703 
590 192 788 22 361 468 914 626 305 495 565 928 100 657 990 993 804 766 82 
493 301 977 750 907 68 955 348 219 346 100 781 206 495 117 868 833 716 786 
740 185 558 334 503 838 637 442 227 557 748 514 296 741 153 547 545 88 138 
590 180 525 81 555 389 606 171 854 717 174 596 169 740 318 524 449 289 331 
396 105 517 632 139 250 391 394 682 728 746 918 765 665 949 623 419 194 305 
913 622 84 810 64 611 967 520 694 24 0 823 379 549 849 142 424 60 42 
163 866 258 898 501 304 687 431 825 268 635 861 869 434 820 614 419 163 961 
3 308 502 284 71 713 14 805 466 549 525 709 566 546 193 508 525 689 47 
725 321 56 544 736 383 725 516 58 894 354 300 820 371 231 765 356 742 80 
425 862 693 695 793 872 739 474 695 816 94 316 282 325 147 899 82 32 64 
285 556 549 785 956 260 976 488 839 904 776 421 614 303 99 830 627 473 656 
618 5 880 89 274 170 168 346 557 803 530 958 412 443 245 284 573 340 814 
705 385 880 549 486 423 879 433 522 592 326 579 461 537 686 602 762 348 715 
825 100 742 836 273 142 128 534 74 132 237 890 3 915 263 324 608 993 801 
868 544 963 224 785 515 210 498 172 470 56 881 245 525 644 384 369 405 729 
342 549 80 190 966 999 665 521 281 637 574 788 420 812 396 524 862 355 954 
828 817 94 501 491 643 279 125 319 865 5 942 954 96 593 852 391 924 66 
225 85 614 306 93 9 292 230 134 275 140 327 961 968 11 178 32 642 784 
214 762 540 719 759 301 958 81 602 779 352 268 736 721 697 744 611 776 357 
149 242 872 198 52 768 375 986 945 611 874 147 256 223 786 835 338 490 12 
864 625 298 552 477 415 393 88 109 10 654 261 261 279 118 550 387 64 612 
426 174 216 663 721 967 485 404 953 137 922 582 691 96 920 408 912 314 556 
907 692 118 406 631 530 293 600 86 17 490 472 993 618 234 801 551 805 896 
295 180 860 323 689 872 261 952 518 122 656 150 426 624 111 203 628 355 468 
833 989 389 383 408 14 835 854 4 947 559 807 317 80 950 636 5 324 836 
418 423 58 805 886 871 318 609 167 404 375 32 681 982 866 591 613 241 727 
685 809 441 310 406 10 213 228 983 878 566 685 13 354 266 256 961 508 60 
352 139 206 462 891 286 556 731 16 128 369 483 64 805 558 844 352 865 710 
424 791 575 842 457 757 689 725 325 137 442 986 351 988 450 636 195 768 432 
576 375 676 120 105 471 246 505 452 331 975 632 869 158 412 442 879 732 857 
831 872 101 523 912 339 30 797 724 704 138 993 1 884 173 856 422 416 78 
879 732 245 571 420 438 28 749 495 374 127 837 87 259 290 577 770 560 397 
891 474 339 530 426 243 514 95 271 926 932 628 660 813 903 466 757 404 427 
457 663 629 129 444 656 39 86 348 284 747 58 297 335 106 355 390 925 436 
507 361 861 437 145 643 255 248 0 49 837 515 765 569 763 259 590 602 796 
747 394 256 625 78 776 240 725 689 263 246 616 526 807 682 598 208 961 38 
26 100 898 209 989 848 515 574 810 612 158 723 126 894 163 291 448 623 244 
484 986 895 976 532 234 555 52 472 268 650 738 404 959 609 958 564 349 904 
750 386 228 868 403 968 573 264 456 260 865 216 861 603 460 87 71 182 144 
947 470 374 696 347 601 945 810 198 860 516 991 726 924 779 111 582 965 473 
157 447 846 225 322 648 862 983 8 586 284 914 481 57 901 318 918 882 993 
322 298 587 693 873 149 292 491 800 479 358 703 542 282 793 100 467 925 905 
523 573 361 188 252 764 531 970 71 838 594 923 484 745 555 148 290 727 703 
159 771 419 792 774 93 83 277 617 106 714 7 652 630 889 724 932 507 866 
364 546 119 637 669 545 828 321 821 522 815 580 897 351 67 441 704 548 879 
294 186 649 57 600 949 966 187 262 628 114 718 485 722 721 367 397 294 812 
264 648 389 472 602 718 324 502 38 660 74 970 970 607 807 745 880 396 257 
327 377 342 34 555 187 297 146 54 351 844 988 607 76 659 804 999 239 840 
151 249 313 271 226 568 592 873 983 835 916 971 874 848 777 845 683 118 587 
926 368 524 88 62 54 710 395 714 305 701 906 933 593 872 361 521 453 33 
689 798 142 131 852 16 762 763 819 559 700 472 961 722 936 578 606 57 241 
126 260 952 527 383 963 396 648 187 606 621 783 393 565 640 87 577 901 513 
714 162 500 589 446 114 960 796 105 430 716 567 665 668 916 878 442 915 786 
416 67 685 802 902 981 434 793 136 34 559 233 454 431 975 346 863 621 629 
341 300 968 607 36 131 967 781 377 213 558 347 854 600 588 926 644 220 812 
374 357 701 906 853 656 811 840 209 622 881 618 212 705 959 839 747 268 396 
735 624 228 987 366 265 85 841 407 180 639 616 548 786 56 859 870 833 545 
757 669 434 797 715 122 432 497 857 887 652 718 686 164 399 680 882 35 404 
425 454 911 319 225 223 727 769 149 937 127 924 26 133 262 516 252 263 965 
247 241 466 22 575 76 814 971 930 879 829 355 508 682 543 654 957 140 423 
164 374 259 998 956 306 402 170 660 603 246 746 228 275 38 927 26 780 435 
144 565 491 458 852 942 440 616 636 583 843 35 251 204 273 521 35 996 867 
837 460 911 362 124 463 594 309 311 586 939 332 570 904 458 886 345 162 675 
541 275 551 516 503 349 57 238 686 979 404 796 410 286 172 650 462 781 788 
950 79 793 773 689 147 457 752 928 780 817 505 398 243 581 532 872 130 423 
411 458 551 239 519 597 105 677 523 917 313 376 425 239 276 773 837 983 291 
56 590 940 273 807 752 864 928 166 618 646 727 867 261 864 948 364 783 376 
191 338 499 227 45 288 905 564 814 590 426 433 524 324 623 307 736 461 744 
932 36 462 270 635 497 183 338 527 770 30 782 136 937 680 824 894 751 335 
340 539 346 374 20 944 105 500 676 105 882 938 394 12 430 35 251 921 488 
630 816 95 648 917 722 444 838 128 181 601 966 228 423 893 36 41 713 346 
832 624 758 340 102 475 21 765 5 175 746 593 481 340 217 552 125 368 118 
222 73 303 678 220 407 293 678 321 567 535 247 281 345 310 872 861 43 681 
953 45 544 728 745 729 131 691 572 230 74 278 728 789 212 447 573 886 955 
422 963 588 417 322 289 333 671 776 83 528 432 105 369 96 835 189 661 618 
364 924 822 61 377 252 749 147 163 110 238 317 891 293 219 881 367 132 971 
413 25 114 828 623 161 30 391 2 27 33 213 245 12 7 482 94 843 1 
251 526 383 79 383 384 385 828 473 411 276 953 666 393 854 814 480 518 614 
539 433 378 239 308 548 11 710 758 542 246 381 991 864 169 326 555 525 934 
225 908 86 266 89 274 23 991 139 543 163 589 246 812 796 321 427 466 618 
716 34 212 630 317 429 342 721 376 155 589 707 861 808 329 257 513 110 579 
249 902 937 163 814 381 410 689 506 601 488 454 805 783 894 236 414 246 618 
980 643 791 686 758 467 427 372 21 772 552 517 88 639 186 186 13 498 24 
440 470 418 115 622 49 800 739 176 402 264 619 701 34 577 945 601 100 58 
833 481 507 6 717 126 753 361 897 748 425 969 896 979 973 553 575 943 444 
726 939 633 102 155 430 723 486 290 43 898 291 920 41 766 611 175 130 412 
500 490 969 708 505 487 541 555 840 697 459 341 90 515 546 27 918 827 88 
447 72 299 8 595 78 397 844 902 428 834 801 771 719 282 351 922 155 878 
830 415 93 246 206 588 776 534 756 518 238 192 676 23 427 67 766 685 957 
708 190 850 529 630 983 42 12 717 388 816 347 848 380 599 938 297 665 703 
971 460 280 312 125 988 462 912 492 438 789 340 108 166 751 337 425 302 774 
266 186 273 459 430 648 551 219 274 821 995 786 560 407 408 67 545 438 693 
654 61 154 324 887 364 571 649 742 598 280 935 969 710 491 962 855 722 995 
396 696 309 734 131 571 746 920 305 283 429 194 674 412 323 155 648 243 900 
681 319 999 355 874 456 164 131 119 611 918 111 718 113 651 107 774 981 266 
678 534 517 540 644 192 600 105 132 232 528 708 381 744 589 295 55 809 388 
105 291 942 395 423 275 815 68 830 683 942 403 813 956 800 727 371 976 881 
98 821 424 525 719 337 735 972 349 910 357 979 852 294 726 511 619 210 202 
477 826 546 993 203 182 540 978 379 54 960 214 471 660 125 813 220 297 182 
840 661 431 460 862 